0 1
1 -1
2 5
2 9
1 -8
2 7
0 6
0 -5
0 4
0 3
2 2
1 1
2 -8
1 9
2 -7
1 1
0 3
2 4
1 -5
1 -7
2 1
2 3
1 -2
0 -9
2 -4
1 1
1 1
2 3
0 1
1 -1
2 5
2 9
1 -8
2 7
0 6
0 -5
0 4
0 3
2 2
1 1
2 -8
1 9
2 -7
1 1
0 3
2 4
1 -5
1 -7
2 1
2 3
1 -2
0 -9
2 -4
1 1
1 1
2 3
0 1
1 -1
2 5
2 9
1 -8
2 7
0 6
0 -5
0 4
0 3
2 2
1 1
2 -8
1 9
2 -7
1 1
0 3
2 4
1 -5
1 -7
2 1
2 3
1 -2
0 -9
2 -4
1 1
1 1
2 3
0 1
1 -1
2 5
2 9
1 -8
2 7
0 6
0 -5
0 4
0 3
2 2
1 1
2 -8
1 9
2 -7
1 1
0 3
2 4
1 -5
1 -7
2 1
2 3
1 -2
0 -9
2 -4
1 1
1 1
2 3
0 1
1 -1
2 5
2 9
1 -8
2 7
0 6
0 -5
0 4
0 3
2 2
1 1
2 -8
1 9
2 -7
1 1
0 3
2 4
1 -5
1 -7
2 1
2 3
1 -2
0 -9
2 -4
1 1
1 1
2 3
0 1
1 -1
2 5
2 9
1 -8
2 7
0 6
0 -5
0 4
0 3
2 2
1 1
2 -8
1 9
2 -7
1 1
0 3
2 4
1 -5
1 -7
2 1
2 3
1 -2
0 -9
2 -4
1 1
1 1
2 3
0 1
1 -1
2 5
2 9
1 -8
2 7
0 6
0 -5
0 4
0 3
2 2
1 1
2 -8
1 9
2 -7
1 1
0 3
2 4
1 -5
1 -7
2 1
2 3
1 -2
0 -9
2 -4
1 1
1 1
2 3
0 1
1 -1
2 5
2 9
1 -8
2 7
0 6
0 -5
0 4
0 3
2 2
1 1
2 -8
1 9
2 -7
1 1
0 3
2 4
1 -5
1 -7
2 1
2 3
1 -2
0 -9
2 -4
1 1
1 1
2 3
0 1
1 -1
2 5
2 9
1 -8
2 7
0 6
0 -5
0 4
0 3
2 2
1 1
2 -8
1 9
2 -7
1 1
0 3
2 4
1 -5
1 -7
2 1
2 3
1 -2
0 -9
2 -4
1 1
1 1
2 3
0 1
1 -1
2 5
2 9
1 -8
2 7
0 6
0 -5
0 4
0 3
2 2
1 1
2 -8
1 9
2 -7
1 1
0 3
2 4
1 -5
1 -7
2 1
2 3
1 -2
0 -9
2 -4
1 1
1 1
2 3
