1 1
1 -5
2 2
0 1
0 -4
1 1
2 9
0 2
1 8
2 7
0 3
1 4
2 6
1 5
0 -7
1 -5
0 -3
2 1
0 1
2 -2
0 -9
1 1
0 1
1 2
2 3
0 4 
2 5
0 9
1 1
1 1
1 -5
2 2
0 1
0 -4
1 1
2 9
0 2
1 8
2 7
0 3
1 4
2 6
1 5
0 -7
1 -5
0 -3
2 1
0 1
2 -2
0 -9
1 1
0 1
1 2
2 3
0 4 
2 5
0 9
1 1
1 1
1 -5
2 2
0 1
0 -4
1 1
2 9
0 2
1 8
2 7
0 3
1 4
2 6
1 5
0 -7
1 -5
0 -3
2 1
0 1
2 -2
0 -9
1 1
0 1
1 2
2 3
0 4 
2 5
0 9
1 1
1 1
1 -5
2 2
0 1
0 -4
1 1
2 9
0 2
1 8
2 7
0 3
1 4
2 6
1 5
0 -7
1 -5
0 -3
2 1
0 1
2 -2
0 -9
1 1
0 1
1 2
2 3
0 4 
2 5
0 9
1 1
1 1
1 -5
2 2
0 1
0 -4
1 1
2 9
0 2
1 8
2 7
0 3
1 4
2 6
1 5
0 -7
1 -5
0 -3
2 1
0 1
2 -2
0 -9
1 1
0 1
1 2
2 3
0 4 
2 5
0 9
1 1
