2 9
1 2
2 3
1 4
0 5
2 -9
0 -8
2 -7
0 -6
1 -5
2 -4
0 3
2 -2
0 -1
0 1
2 2
0 -3
2 5
2 7
1 -9
0 8
1 6
0 -1
2 -2
0 -3
1 -1
2 -1
1 2
0 1
2 9
1 2
2 3
1 4
0 5
2 -9
0 -8
2 -7
0 -6
1 -5
2 -4
0 3
2 -2
0 -1
0 1
2 2
0 -3
2 5
2 7
1 -9
0 8
1 6
0 -1
2 -2
0 -3
1 -1
2 -1
1 2
0 1
2 9
1 2
2 3
1 4
0 5
2 -9
0 -8
2 -7
0 -6
1 -5
2 -4
0 3
2 -2
0 -1
0 1
2 2
0 -3
2 5
2 7
1 -9
0 8
1 6
0 -1
2 -2
0 -3
1 -1
2 -1
1 2
0 1
2 9
1 2
2 3
1 4
0 5
2 -9
0 -8
2 -7
0 -6
1 -5
2 -4
0 3
2 -2
0 -1
0 1
2 2
0 -3
2 5
2 7
1 -9
0 8
1 6
0 -1
2 -2
0 -3
1 -1
2 -1
1 2
0 1
2 9
1 2
2 3
1 4
0 5
2 -9
0 -8
2 -7
0 -6
1 -5
2 -4
0 3
2 -2
0 -1
0 1
2 2
0 -3
2 5
2 7
1 -9
0 8
1 6
0 -1
2 -2
0 -3
1 -1
2 -1
1 2
0 1
2 9
1 2
2 3
1 4
0 5
2 -9
0 -8
2 -7
0 -6
1 -5
2 -4
0 3
2 -2
0 -1
0 1
2 2
0 -3
2 5
2 7
1 -9
0 8
1 6
0 -1
2 -2
0 -3
1 -1
2 -1
1 2
0 1
2 9
1 2
2 3
1 4
0 5
2 -9
0 -8
2 -7
0 -6
1 -5
2 -4
0 3
2 -2
0 -1
0 1
2 2
0 -3
2 5
2 7
1 -9
0 8
1 6
0 -1
2 -2
0 -3
1 -1
2 -1
1 2
0 1
2 9
1 2
2 3
1 4
0 5
2 -9
0 -8
2 -7
0 -6
1 -5
2 -4
0 3
2 -2
0 -1
0 1
2 2
0 -3
2 5
2 7
1 -9
0 8
1 6
0 -1
2 -2
0 -3
1 -1
2 -1
1 2
0 1
